Irene      127 8  2011 121 115 90 105 95 5 15 1
Sandy      254 11 2012  70  60 55  62 70 1 2 1
Katrina    521 8  2005 120 131 152 140 175 4 8 4
Thor       200 10 2002 160 148 162 159 149 8 9 5
Loki       317 7  2020 120  90 134 170 89 2 3 1
David      119 4  2009  70 62 50 71 59 1 3 0
Leonardo   170 2  2021  40  55  75  62 60 2 2 1
Eliazbeth  537 6  2019 102 130 165 121 70 3 5 2
Remus      453 3  2016  80  74 79  60 71 2 3 2
Donovan    150 12 2001 170 162 155 147 164 9 7 5
Joshua     162 4  2014  75  49  56 67 80 4 1 0
Mary Jane  421 5  2004 165 159 148 170 165 5 9 3
John Doe   130 2  2013  70  75  68  54  26 3 2 1
Merry Dawn 179 1  1999  67  50  49  37  41 2 1 0
Alyssa     120 3  2003  99 101  87 110 120 5 3 2
Shawn      321 10 2000 139 155 172 169 158 7 8 4
Troy       600 2  1998  91  87  95  90 100 3 1 1
Shelene    418 6  1990 120 113 132 128 119 2 1 2
Lucile     102 2  2018   65 44  51  70  69 0 1 0
Journey    275 9  1996 101  99 106  97 111 3 2 1
Maurice    123 1  2007  39  57  76  42  66 1 1 0
Kendall    623 11 1999 160 162 155 160 166 7 6 9
Lily Leigh 678 8  2015 104 106 109  99  97 4 5 2
Angelo     732 10 2010 111 120 117 125 118 3 4 2
Sinbad     801 12 1996 169 170 157 180 150 10 9 9