Steph     151 9 1943 112 133 122 156 139 8 7 5
Darla     181 3 1992  173  80   130   101   97 3 4 2
Rebecca   532 11 1905    71   72   79   65   76 4 1 1
Dr Seuss  303 2 1940   161 155 155 187 163 10 8 9
Aquafina  500 5 1964   133 200 178 177 189 8 9 2
Han Seok  377 3 1977   87 91 75 86 90 6 6 0
Dirty Dan 465 4 1922   122 160 171 147 188 7 4 4
Steve Jobs243 7 1935   102 103 101 109 96 6 3 5
Patrick   198 2 1946   77 91 66 79 87 3 7 1
John Cena 234 6 1988    133 155 111 123 141 3 2 0
Undertaker444 5 1990   101 122 90 89 109 6 1 3
Aang      678 1 1913   144 123 134 153 122 4 2 2
Hennessy  564 7 1923   166 175 150 146 151 6 8 10
Jean Paul 132 3 1937   121 111 134 90 117 4 6 3
Kelis     374 8 1951   97 100 103 94 108 1 1 0
Amber     111 9 1901  65 77 56 70 69 2 2 2                     
Pikachu   987 3 1978 88 71 60 59 99 3 1 1
Naruto    312 9 1955 156 141 132 167 167 9 8 7
Sasuke    766 2 1933   75 73 82 83 89 1 3 0
Mohammad  159 1 1911   131 142 155 139 7 4 9
