Berekley   128 9  1998 121 131 155 101 98  4 6 3 
Calvin     456 7  2001 118  70  99 118 116 8 7 3 
Paul       768 9  1976 104  87  89 120 132 3 2 4 
Carol      112 7  1989  99  104 98 115 106 5 4 5 
Bruce      252 5  2006 121 125 143 136 119 9 10 8 
Terry      777 10 2010 134 112  99 116 127 7 9 8 
Gavin      234 8  1965 118 124 133 121 111 4 5 6         
Levy       435 5  2014  99 101 112  98 100 2 1 0  
Blossom    334 4  1999 133 141 122 137 129 8 6 5 
Carver     112 7  1957 140 138 127 132 122 9 10 6 
Alfred     225 8  1978  99  86  72  89  91 1 2 0 
Edward     889 3  2009 111  98  95 101 102 2 3 1 
Ossie      667 6  2020 122 116 120 117 121 3 4 2 
Natalie    444 8  1993 144 139 146 152 149 9 10 9 
Victor     175 8  1982 131 128 130 134 127 7 7 8 
James      323 5  2002  97  88  75  79  80 2 2 1 
Harvey     278 7  2000  88  62  76  77  79 1 2 1 
Bastion    111 3  1962 151 144 149 147 151 8 10 9 
Ciel       422 8  2003 111 108 102 109 100 5 4 6 
Selina     366 9  1997 100  97  94  90  91 2 1 2 
Harleen    144 10 1972  65  67  72  81  80 1 1 0